0,0,0
5.05883683567143,6.96766674716607,1.62511114099322
10.5871386877498,14.5060692495832,1.62483543596341
15.8828719232718,22.3146138828124,1.6186156288862
21.2647736175341,30.3906154884022,1.64279146055965
26.8159282935802,38.3500487229617,1.66685628036435
32.3324238988346,46.8094840200765,1.75589842848074
37.5763926067969,55.7455176659739,1.80611294172864
42.2451123186643,63.5540823507984,1.94737922182844
46.420588436305,73.5697938409864,2.04820096922245
51.2112312553203,84.4730600113359,2.03194452967345
55.7273545188795,95.4550838019244,2.04878978750571
60.0644570275735,107.258396355221,2.02338135202374
64.5944021370448,118.358019941275,1.96318977005487
69.0666913342602,128.101191551461,1.89088937298631
73.8827138027921,136.753009828114,1.66304806336617
78.2749161753198,143.62286675332,1.33009083066611
82.5165185671857,147.494663264681,0.64262885240959
87.1394188216852,149.154088585256,-0.314183448813951
94.8694150164067,147.750208131947,-0.949729239150207
102.361713388919,143.37452427541,-1.23704774459668
109.635261529978,136.889393091279,-1.45544010257544
117.16267978063,128.678888002449,-1.50956134687351
124.668694508692,119.620063750048,-1.51744856840791
132.322481892592,110.305012126465,-1.73406379847036
136.649039597656,102.845217933105,-1.97048478857206
141.612855894283,92.6179969861108,-2.00942187829253
145.988734305337,81.022521558104,-2.04573971329689
151.081908677327,69.4719939339409,-1.95634420605096
155.747721032271,59.341757810286,-1.64357896008551
160.360322857854,52.1969397045414,-0.93551444437418
165.32272548012,49.6027526905849,0.764114353252607
170.416510704664,51.7486703481235,1.55386490050318
175.558605709564,58.5808330930975,1.82030798479868
180.795769051615,67.9289765980262,1.92647133668748
186.094272229651,79.1919135222372,1.97967519834429
191.38619921578,91.1185657501022,1.94198884860875
196.751368397933,102.195255131869,1.79910921521526
201.81604392149,111.453536425077,1.52587996434037
206.982547699619,117.958234890776,0.738670869399709
212.415204409238,120.348200559264,-0.142807479791621
219.156517780455,119.701637048174,-0.461410243894262
226.297594945818,117.95570967236,-0.878359883854084
233.156909746313,113.93878576181,-1.20777397790801
240.071878335267,108.164460878836,-1.45298570295251
247.129915895436,100.52024525012,-1.63769914506953
253.618943268973,90.7010045321872,-1.89442817775471
261.002355503117,77.4061136566771,-1.91800888512182
268.031832471969,62.7595117773831,-1.90968383998385
